ftable[0] = (00000000000000000000000000000000, 0.000000)
ftable[1] = (00111111000000000000000000000000, 0.500000)
ftable[2] = (00111111100000000000000000000000, 1.000000)
ftable[3] = (01000000000000000000000000000000, 2.000000)
ftable[4] = (01000000010010010000111111011011, 3.141593)
ftable[5] = (01000000110010010000111111011011, 6.283185)
ftable[6] = (00111110001010101010101010101100, 0.166667)
ftable[7] = (00111100000010001000011001100110, 0.008333)
ftable[8] = (00111001010011010110010010110110, 0.000196)
ftable[9] = (00111101001010101010011110001001, 0.041664)
ftable[10] = (00111010101100111000000100000110, 0.001370)
ftable[11] = (10111111100000000000000000000000, -1.000000)
ftable[12] = (00111111110010010000111111011011, 1.570796)
ftable[13] = (00111111010010010000111111011011, 0.785398)
ftable[14] = (01000000010010010000111111101101, 3.141597)
ftable[15] = (00111111110010010000111111101101, 1.570798)
ftable[16] = (00111111010010010000111111101101, 0.785399)
ftable[17] = (00111110101010101010101010101010, 0.333333)
ftable[18] = (00111110010011001100110011001101, 0.200000)
ftable[19] = (00111110000100100100100100100101, 0.142857)
ftable[20] = (00111101111000111000111000111000, 0.111111)
ftable[21] = (00111101101101111101011001101110, 0.089764)
ftable[22] = (00111101011101011110011111000101, 0.060035)
ftable[23] = (01000000100011000000000000000000, 4.375000)
ftable[24] = (01000000000111000000000000000000, 2.437500)
ftable[25] = (00111100100011101111101000110101, 0.017453)
ftable[26] = (01000011010010000000000000000000, 200.000000)
ftable[27] = (11000011010010000000000000000000, -200.000000)
ftable[28] = (10111110010011001100110011001101, -0.200000)
ftable[29] = (00111100001000111101011100001010, 0.010000)
ftable[30] = (10111101110011001100110011001101, -0.100000)
ftable[31] = (01001110011011100110101100101000, 1000000000.000000)
ftable[32] = (01001100101111101011110000100000, 100000000.000000)
ftable[33] = (00111000110100011011011100010111, 0.000100)
ftable[34] = (01000001011100000000000000000000, 15.000000)
ftable[35] = (01000001111100000000000000000000, 30.000000)
ftable[36] = (00111110000110011001100110011010, 0.150000)
ftable[37] = (01000011011111110000000000000000, 255.000000)
ftable[38] = (00111110100110011001100110011010, 0.300000)
ftable[39] = (01000001001000000000000000000000, 10.000000)
ftable[40] = (00111110100000000000000000000000, 0.250000)
ftable[41] = (00111101010011001100110011001101, 0.050000)
ftable[42] = (01000001101000000000000000000000, 20.000000)
ftable[43] = (00111011100000000000000000000000, 0.003906)
ftable[44] = (11000000000000000000000000000000, -2.000000)
ftable[45] = (00111101110011001100110011001101, 0.100000)
ftable[46] = (11000011000101100000000000000000, -150.000000)
ftable[47] = (01000011000101100000000000000000, 150.000000)
ftable[48] = (00111111011001100110011001100110, 0.900000)
ftable[49] = (01000011000000000000000000000000, 128.000000)
